3    1473    0000
4    1531    0001
f    758    00100
u    184    0010100
N    48    001010100
B    50    001010101
m    100    00101011
-    393    001011
9    799    00110
/    404    001110
o    405    001111
E    202    0100000
R    103    01000010
k    52    010000110
v    55    010000111
s    214    0100010
g    109    01000110
Q    56    010001110
I    26    0100011110
+    7    010001111100
]    8    010001111101
U    8    010001111110
[    8    010001111111
8    876    01001
5    1814    0101
     1857    0110
0    1872    0111
.    996    10000
p    113    10001000
{    58    100010010
}    58    100010011
L    62    100010100
P    31    1000101010
q    16    10001010110
M    17    10001010111
D    65    100010110
w    70    100010111
l    267    1000110
b    140    10001110
G    146    10001111
1    1046    10010
>    577    100110
<    577    100111
a    290    1010000
h    148    10100010
C    78    101000110
@    18    10100011100
T    19    10100011101
Z    2    10100011110000
V    1    101000111100010
<16r00FF>    1    101000111100011
W    5    1010001111001
J    2    10100011110100
Y    3    10100011110101
j    6    1010001111011
A    22    10100011111
d    610    101001
i    308    1010100
F    323    1010101
c    641    101011
e    1286    10110
n    341    1011100
r    346    1011101
%    85    101111000
S    87    101111001
y    42    1011110100
:    23    10111101010
O    12    101111010110
H    6    1011110101110
z    3    10111101011110
K    2    101111010111110
X    1    1011110101111110
!    1    1011110101111111
x    91    101111011
t    375    1011111
6    5184    110
2    2892    1110
7    2964    1111
